0,7
1,7
2,16
3,10
4,19
5,11
6,13
7,13
8,14
9,5
10,12
11,7
12,12
13,11
14,8
15,17
16,18
17,15
18,16
19,16
20,9
21,15
22,19
23,10
24,24
25,17
26,8
27,14
28,16
29,10
30,14
31,9
32,9
33,8
34,10
35,8
36,15
37,15
38,10
39,16
40,11
41,12
42,8
43,7
44,6
45,16
46,12
47,11
48,14
49,11
50,13
51,10
52,11
53,9
54,16
55,8
56,20
57,12
58,10
59,10
60,10
61,10
62,7
63,10
64,18
65,16
66,9
67,7
68,10
69,22
70,13
71,8
72,11
73,11
74,13
75,12
76,10
77,14
78,8
79,6
80,7
81,9
82,9
83,8
84,8
85,5
86,5
87,7
88,13
89,12
90,10
91,10
92,11
93,14
94,11
95,7
96,9
97,12
98,13
99,8
100,12
101,12
102,15
103,18
104,8
105,11
106,11
107,22
108,16
109,9
110,14
111,17
112,13
113,14
114,16
115,13
116,14
117,13
118,15
119,10
120,17
121,16
122,16
123,18
124,11
125,9
126,18
127,23
128,12
129,13
130,12
131,9
132,12
133,10
134,9
135,18
136,14
137,7
138,10
139,9
140,12
141,5
142,11
143,8
144,4
145,13
146,13
147,13
148,14
149,14
150,20
151,12
152,11
153,14
154,16
155,16
156,12
157,5
158,22
159,9
160,6
161,10
162,13
163,8
164,25
165,31
166,12
167,17
168,6
169,10
170,9
171,11
172,16
173,12
174,8
175,8
176,7
177,11
178,22
179,7
180,3
181,9
182,5
183,8
184,8
185,8
186,9
187,18
188,16
189,7
190,5
191,5
192,11
193,6
194,9
195,16
196,10
197,6
198,6
199,8
200,11
201,8
202,13
203,10
204,15
205,11
206,12
207,12
208,13
209,14
210,7
211,5
212,13
213,9
214,12
215,8
216,8
217,11
218,13
219,9
220,16
221,9
222,8
223,19
224,9
225,7
226,9
227,16
228,16
229,6
230,16
231,8
232,8
233,6
234,27
235,14
236,12
237,17
238,10
239,16
240,23
241,20
242,13
243,9
244,25
245,12
246,7
247,13
248,8
249,8
250,11
251,14
252,6
253,14
254,6
255,8
256,12
257,20
258,14
259,10
260,11
261,8
262,17
263,16
264,25
265,8
266,9
267,11
268,15
269,10
270,10
271,9
272,7
273,12
274,13
275,22
276,10
277,13
278,10
279,15
280,9
281,6
282,13
283,6
284,20
285,7
286,9
287,11
288,7
289,15
290,6
291,17
292,10
293,7
294,5
295,14
296,15
297,9
298,10
299,15
300,16
301,16
302,8
303,6
304,13
305,12
306,12
307,5
308,10
309,17
310,12
311,5
312,19
313,8
314,9
315,19
316,16
317,13
318,8
319,16
320,17
321,16
322,14
323,8
324,10
325,26
326,16
327,14
328,16
329,18
330,11
331,10
332,11
333,8
334,10
335,6
336,9
337,13
338,10
339,11
340,26
341,9
342,22
343,9
344,11
345,14
346,13
347,16
348,11
349,8
350,14
351,11
352,28
353,12
354,6
355,5
356,15
357,9
358,25
359,12
360,15
361,9
362,8
363,12
364,14
365,10
366,12
367,17
368,8
369,11
370,11
371,9
372,16
373,17
374,11
375,17
376,18
377,12
378,11
379,10
380,11
381,17
382,7
383,9
384,10
385,10
386,6
387,8
388,10
389,10
390,12
391,17
392,13
393,9
394,7
395,14
396,9
397,5
398,9
399,13
400,10
401,13
402,9
403,14
404,10
405,10
406,12
407,8
408,15
409,12
410,16
411,10
412,17
413,11
414,7
415,7
416,7
417,7
418,10
419,9
420,8
421,11
422,12
423,6
424,11
425,11
426,8
427,7
428,20
429,15
430,15
431,10
432,13
433,17
434,14
435,17
436,14
437,13
438,15
439,13
440,8
441,14
442,18
443,12
444,8
445,13
446,6
447,16
448,11
449,6
450,14
451,14
452,8
453,10
454,19
455,13
456,8
457,7
458,17
459,5
460,8
461,6
462,14
463,7
464,3
465,19
466,12
467,16
468,10
469,10
470,18
471,6
472,27
473,17
474,11
475,13
476,13
477,6
478,13
479,15
480,5
481,14
482,6
483,10
484,12
485,17
486,12
487,10
488,12
489,12
490,19
491,8
492,9
493,17
494,15
495,10
496,6
497,15
498,16
499,10
500,12
501,10
502,9
503,8
504,12
505,8
506,9
507,7
508,12
509,11
510,12
511,6
512,17
513,18
514,9
515,12
516,6
517,16
518,18
519,12
520,11
521,5
522,11
523,6
524,12
525,14
526,20
527,13
528,5
529,8
530,6
531,11
532,19
533,8
534,6
535,18
536,18
537,15
538,14
539,10
540,7
541,12
542,12
543,14
544,13
545,15
546,6
547,15
548,10
549,10
550,11
551,15
552,19
553,24
554,13
555,11
556,8
557,14
558,6
559,10
560,14
561,13
562,15
563,16
564,9
565,5
566,13
567,19
568,7
569,12
570,10
571,17
572,5
573,7
574,15
575,6
576,12
577,10
578,8
579,5
580,10
581,16
582,10
583,14
584,15
585,11
586,16
587,14
588,8
589,23
590,13
591,6
592,11
593,11
594,9
595,7
596,9
597,14
598,10
599,12
600,10
601,12
602,10
603,8
604,21
605,12
606,20
607,15
608,14
609,12
610,10
611,10
612,15
613,7
614,11
615,6
616,11
617,6
618,14
619,10
620,20
621,10
622,9
623,9
624,11
625,9
626,12
627,15
628,5
629,10
630,7
631,15
632,9
633,11
634,7
635,6
636,10
637,13
638,16
639,10
640,5
641,20
642,6
643,14
644,20
645,8
646,10
647,13
648,20
649,19
650,12
651,26
652,12
653,7
654,13
655,9
656,8
657,8
658,9
659,14
660,12
661,9
662,6
663,13
664,6
665,14
666,9
667,4
668,14
669,16
670,9
671,13
672,15
673,7
674,12
675,10
676,16
677,7
678,11
679,10
680,9
681,22
682,9
683,18
684,8
685,6
686,9
687,8
688,8
689,11
690,17
691,21
692,6
693,10
694,11
695,7
696,8
697,14
698,9
699,11
700,9
701,10
702,5
703,12
704,17
705,15
706,8
707,15
708,15
709,9
710,5
711,16
712,9
713,10
714,10
715,22
716,9
717,14
718,11
719,34
720,12
721,12
722,21
723,6
724,11
725,20
726,7
727,8
728,9
729,12
730,6
731,16
732,12
733,10
734,24
735,13
736,9
737,14
738,18
739,7
740,10
741,12
742,9
743,8
744,7
745,12
746,14
747,8
748,12
749,18
750,10
751,18
752,11
753,14
754,10
755,19
756,13
757,9
758,12
759,16
760,20
761,7
762,11
763,13
764,11
765,7
766,17
767,10
768,12
769,10
770,14
771,9
772,13
773,8
774,10
775,11
776,9
777,26
778,11
779,12
780,13
781,17
782,7
783,9
784,10
785,14
786,8
787,12
788,20
789,15
790,10
791,16
792,10
793,10
794,31
795,10
796,13
797,8
798,9
799,18
800,9
801,5
802,10
803,15
804,8
805,8
806,9
807,9
808,4
809,9
810,14
811,16
812,9
813,7
814,10
815,16
816,13
817,6
818,7
819,19
820,17
821,11
822,23
823,13
824,7
825,12
826,7
827,16
828,9
829,5
830,11
831,10
832,7
833,5
834,13
835,8
836,17
837,11
838,9
839,6
840,16
841,6
842,9
843,8
844,16
845,7
846,19
847,11
848,9
849,18
850,10
851,8
852,11
853,11
854,8
855,22
856,8
857,16
858,16
859,9
860,17
861,8
862,7
863,23
864,16
865,8
866,11
867,30
868,9
869,8
870,7
871,14
872,26
873,7
874,13
875,12
876,15
877,9
878,10
879,9
880,8
881,20
882,9
883,7
884,17
885,7
886,9
887,10
888,8
889,15
890,8
891,17
892,8
893,19
894,5
895,9
896,22
897,18
898,9
899,15
900,21
901,9
902,5
903,9
904,15
905,9
906,10
907,15
908,13
909,6
910,17
911,17
912,21
913,10
914,6
915,14
916,18
917,9
918,9
919,15
920,7
921,15
922,9
923,8
924,7
925,7
926,14
927,5
928,14
929,10
930,21
931,9
932,13
933,6
934,12
935,14
936,12
937,6
938,15
939,9
940,9
941,9
942,10
943,10
944,16
945,7
946,13
947,10
948,11
949,11
950,6
951,8
952,20
953,10
954,12
955,6
956,11
957,10
958,10
959,20
960,9
961,7
962,11
963,11
964,18
965,22
966,9
967,9
968,8
969,7
970,8
971,9
972,13
973,14
974,10
975,6
976,8
977,7
978,6
979,11
980,18
981,9
982,15
983,16
984,9
985,8
986,14
987,8
988,21
989,6
990,8
991,8
992,22
993,10
994,11
995,10
996,7
997,8
998,8
999,16
1000,6
1001,10
1002,13
1003,8
1004,13
1005,12
1006,14
1007,12
1008,11
1009,7
1010,16
1011,11
1012,10
1013,13
1014,8
1015,11
1016,6
1017,11
1018,6
1019,14
1020,11
1021,13
1022,13
1023,12
1024,13
1025,28
1026,15
1027,11
1028,7
1029,17
1030,25
1031,6
1032,11
1033,7
1034,20
1035,7
1036,17
1037,14
1038,18
1039,7
1040,9
1041,9
1042,6
1043,14
1044,7
1045,10
1046,8
1047,7
1048,13
1049,12
1050,14
1051,12
1052,9
1053,9
1054,7
1055,26
1056,7
1057,9
1058,11
1059,8
1060,15
1061,15
1062,7
1063,15
1064,14
1065,13
1066,13
1067,11
1068,19
1069,16
1070,7
1071,12
1072,13
1073,8
1074,10
1075,4
1076,21
1077,9
1078,14
1079,12
1080,14
1081,13
1082,11
1083,8
1084,18
1085,11
1086,15
1087,13
1088,17
1089,8
1090,5
1091,7
1092,5
1093,16
1094,13
1095,8
1096,7
1097,15
1098,12
1099,8
1100,15
1101,9
1102,14
1103,11
1104,10
1105,11
1106,17
1107,7
1108,11
1109,15
1110,8
1111,5
1112,20
1113,15
1114,22
1115,18
1116,7
1117,11
1118,10
1119,9
1120,11
1121,14
1122,25
1123,11
1124,11
1125,20
1126,14
1127,16
1128,8
1129,8
1130,8
1131,9
1132,9
1133,6
1134,16
1135,20
1136,5
1137,19
1138,10
1139,9
1140,13
1141,19
1142,13
1143,10
1144,8
1145,19
1146,14
1147,20
1148,7
1149,7
1150,11
1151,17
1152,13
1153,12
1154,8
1155,10
1156,19
1157,14
1158,11
1159,14
1160,22
1161,5
1162,6
1163,11
1164,24
1165,11
1166,12
1167,19
1168,14
1169,17
1170,24
1171,16
1172,20
1173,9
1174,13
1175,5
1176,12
1177,9
1178,13
1179,11
1180,10
1181,17
1182,16
1183,10
1184,10
1185,10
1186,13
1187,13
1188,8
1189,8
1190,12
1191,5
1192,10
1193,14
1194,9
1195,8
1196,13
1197,11
1198,9
1199,8
1200,13
1201,5
1202,14
1203,10
1204,8
1205,6
1206,9
1207,14
1208,15
1209,12
1210,6
1211,13
1212,12
1213,14
1214,6
1215,12
1216,12
1217,12
1218,10
1219,12
1220,7
1221,9
1222,18
1223,7
1224,9
1225,13
1226,10
1227,13
1228,12
1229,14
1230,12
1231,16
1232,13
1233,19
1234,24
1235,16
1236,19
1237,10
1238,9
1239,9
1240,22
1241,12
1242,9
1243,13
1244,15
1245,6
1246,9
1247,15
1248,7
1249,16
1250,15
1251,8
1252,12
1253,11
1254,10
1255,8
1256,7
1257,12
1258,12
1259,14
1260,7
1261,9
1262,14
1263,11
1264,11
1265,11
1266,5
1267,9
1268,10
1269,9
1270,18
1271,30
1272,10
1273,9
1274,8
1275,22
1276,19
1277,14
1278,10
1279,10
1280,10
1281,11
1282,7
1283,13
1284,12
1285,7
1286,14
1287,16
1288,8
1289,9
1290,9
1291,6
1292,13
1293,15
1294,7
1295,12
1296,8
1297,10
1298,12
1299,8
1300,10
1301,14
1302,6
1303,19
1304,6
1305,5
1306,18
1307,13
1308,6
1309,11
1310,9
1311,13
1312,10
1313,15
1314,12
1315,14
1316,16
1317,14
1318,11
1319,18
1320,14
1321,11
1322,8
1323,15
1324,14
1325,7
1326,17
1327,9
1328,25
1329,7
1330,9
1331,11
1332,13
1333,20
1334,7
1335,15
1336,18
1337,10
1338,11
1339,8
1340,14
1341,8
1342,15
1343,10
1344,18
1345,14
1346,12
1347,13
1348,17
1349,14
1350,9
1351,6
1352,12
1353,11
1354,8
1355,13
1356,10
1357,8
1358,8
1359,19
1360,7
1361,15
1362,12
1363,12
1364,7
1365,7
1366,12
1367,9
1368,7
1369,19
1370,13
1371,20
1372,13
1373,20
1374,11
1375,11
1376,9
1377,6
1378,24
1379,9
1380,6
1381,7
1382,11
1383,9
1384,12
1385,25
1386,7
1387,14
1388,16
1389,7
1390,20
1391,7
1392,13
1393,28
1394,14
1395,10
1396,13
1397,16
1398,6
1399,19
1400,15
1401,13
1402,15
1403,29
1404,11
1405,9
1406,9
1407,12
1408,20
1409,5
1410,11
1411,15
1412,7
1413,11
1414,12
1415,5
1416,13
1417,26
1418,13
1419,10
1420,10
1421,20
1422,24
1423,13
1424,9
1425,12
1426,13
1427,15
1428,7
1429,8
1430,13
1431,12
1432,18
1433,14
1434,11
1435,8
1436,11
1437,14
1438,8
1439,6
1440,13
1441,8
1442,11
1443,9
1444,14
1445,15
1446,8
1447,11
1448,13
1449,10
1450,10
1451,16
1452,19
1453,6
1454,13
1455,17
1456,8
1457,9
1458,19
1459,7
1460,11
1461,7
1462,16
1463,10
1464,14
1465,17
1466,9
1467,11
1468,19
1469,15
1470,18
1471,9
1472,18
1473,13
1474,15
1475,11
1476,21
1477,14
1478,17
1479,11
1480,12
1481,15
1482,18
1483,12
1484,36
1485,15
1486,15
1487,10
1488,10
1489,13
1490,8
1491,8
1492,8
1493,6
1494,11
1495,7
1496,9
1497,10
1498,6
1499,15
1500,15
1501,9
1502,8
1503,8
1504,6
1505,16
1506,22
1507,12
1508,9
1509,8
1510,25
1511,14
1512,23
1513,10
1514,7
1515,22
1516,11
1517,8
1518,13
1519,10
1520,7
1521,17
1522,14
1523,5
1524,13
1525,9
1526,12
1527,10
1528,11
1529,9
1530,11
1531,6
1532,15
1533,8
1534,7
1535,12
1536,13
1537,11
1538,5
1539,14
1540,11
1541,20
1542,12
1543,14
1544,10
1545,7
1546,11
1547,22
1548,10
1549,8
1550,9
1551,19
1552,19
1553,8
1554,11
1555,4
1556,19
1557,11
1558,15
1559,10
1560,12
1561,19
1562,9
1563,10
1564,15
1565,10
1566,16
1567,11
1568,18
1569,16
1570,8
1571,10
1572,5
1573,12
1574,15
1575,9
1576,11
1577,13
1578,9
1579,17
1580,10
1581,4
1582,8
1583,10
1584,5
1585,13
1586,11
1587,10
1588,13
1589,10
1590,10
1591,6
1592,11
1593,15
1594,18
1595,7
1596,8
1597,8
1598,16
1599,9
1600,6
1601,12
1602,13
1603,13
1604,17
1605,24
1606,17
1607,11
1608,8
1609,26
1610,15
1611,7
1612,27
1613,9
1614,14
1615,33
1616,11
1617,10
1618,14
1619,15
1620,11
1621,9
1622,7
1623,14
1624,15
1625,6
1626,18
1627,8
1628,9
1629,17
1630,9
1631,6
1632,8
1633,10
1634,17
1635,15
1636,10
1637,6
1638,21
1639,14
1640,5
1641,10
1642,9
1643,16
1644,6
1645,14
1646,15
1647,31
1648,11
1649,18
1650,7
1651,7
1652,8
1653,21
1654,17
1655,13
1656,11
1657,13
1658,11
1659,14
1660,10
1661,5
1662,13
1663,23
1664,15
1665,9
1666,9
1667,17
1668,5
1669,9
1670,16
1671,18
1672,9
1673,7
1674,21
1675,7
1676,10
1677,8
1678,14
1679,10
1680,9
1681,16
1682,11
1683,9
1684,16
1685,24
1686,14
1687,11
1688,9
1689,10
1690,16
1691,17
1692,8
1693,9
1694,15
1695,15
1696,12
1697,12
1698,11
1699,20
1700,14
1701,18
1702,9
1703,9
1704,12
1705,20
1706,13
1707,7
1708,9
1709,25
1710,10
1711,15
1712,26
1713,11
1714,11
1715,9
1716,7
1717,7
1718,9
1719,15
1720,19
1721,13
1722,6
1723,16
1724,13
1725,11
1726,9
1727,15
1728,7
1729,16
1730,11
1731,13
1732,8
1733,8
1734,9
1735,16
1736,9
1737,10
1738,10
1739,11
1740,11
1741,16
1742,10
1743,6
1744,13
1745,6
1746,18
1747,16
1748,6
1749,5
1750,11
1751,8
1752,11
1753,14
1754,6
1755,14
1756,14
1757,17
1758,11
1759,11
1760,16
1761,11
1762,7
1763,14
1764,8
1765,16
1766,13
1767,7
1768,18
1769,12
1770,10
1771,12
1772,12
1773,21
1774,19
1775,7
1776,12
1777,7
1778,8
1779,11
1780,11
1781,9
1782,20
1783,11
1784,8
1785,9
1786,13
1787,4
1788,12
1789,14
1790,9
1791,18
1792,14
1793,16
1794,11
1795,13
1796,11
1797,10
1798,8
1799,10
1800,19
1801,8
1802,19
1803,9
1804,9
1805,18
1806,12
1807,14
1808,8
1809,9
1810,25
1811,15
1812,4
1813,11
1814,14
1815,30
1816,19
1817,15
1818,12
1819,14
1820,18
1821,5
1822,15
1823,12
1824,10
1825,13
1826,16
1827,22
1828,8
1829,10
1830,21
1831,17
1832,9
1833,16
1834,12
1835,8
1836,17
1837,9
1838,8
1839,7
1840,11
1841,13
1842,7
1843,17
1844,6
1845,13
1846,11
1847,15
1848,4
1849,10
1850,16
1851,17
1852,18
1853,11
1854,10
1855,12
1856,7
1857,11
1858,10
1859,17
1860,9
1861,23
1862,9
1863,7
1864,12
1865,9
1866,8
1867,13
1868,6
1869,12
1870,6
1871,20
1872,9
1873,20
1874,6
1875,37
1876,12
1877,6
1878,14
1879,6
1880,11
1881,14
1882,14
1883,11
1884,6
1885,16
1886,5
1887,10
1888,14
1889,12
1890,22
1891,9
1892,19
1893,7
1894,12
1895,10
1896,6
1897,20
1898,6
1899,7
1900,6
1901,6
1902,18
1903,11
1904,7
1905,16
1906,17
1907,5
1908,16
1909,10
1910,13
1911,9
1912,17
1913,5
1914,9
1915,13
1916,9
1917,13
1918,8
1919,12
1920,24
1921,13
1922,15
1923,5
1924,16
1925,10
1926,11
1927,11
1928,14
1929,9
1930,8
1931,5
1932,21
1933,13
1934,24
1935,18
1936,23
1937,20
1938,6
1939,11
1940,12
1941,14
1942,8
1943,9
1944,16
1945,10
1946,15
1947,18
1948,11
1949,16
1950,10
1951,16
1952,7
1953,14
1954,9
1955,8
1956,12
1957,7
1958,11
1959,9
1960,15
1961,17
1962,6
1963,6
1964,8
1965,9
1966,9
1967,13
1968,10
1969,17
1970,21
1971,7
1972,7
1973,9
1974,11
1975,17
1976,14
1977,10
1978,14
1979,13
1980,9
1981,10
1982,10
1983,15
1984,14
1985,12
1986,22
1987,8
1988,16
1989,9
1990,9
1991,15
1992,9
1993,17
1994,10
1995,16
1996,19
1997,14
1998,7
1999,10
2000,16
2001,25
2002,12
2003,19
2004,12
2005,10
2006,9
2007,10
2008,14
2009,27
2010,8
2011,25
2012,9
2013,6
2014,13
2015,13
2016,7
2017,13
2018,12
2019,11
2020,16
2021,8
2022,10
2023,12
2024,15
2025,8
2026,13
2027,15
2028,24
2029,9
2030,11
2031,13
2032,8
2033,12
2034,8
2035,7
2036,7
2037,13
2038,9
2039,16
2040,9
2041,7
2042,6
2043,18
2044,8
2045,13
2046,17
2047,12
2048,7
2049,16
2050,7
2051,10
2052,11
2053,16
2054,8
2055,9
2056,9
2057,9
2058,13
2059,9
2060,14
2061,6
2062,9
2063,14
2064,7
2065,8
2066,14
2067,14
2068,8
2069,5
2070,9
2071,6
2072,12
2073,13
2074,12
2075,10
2076,13
2077,14
2078,8
2079,10
2080,10
2081,24
2082,6
2083,13
2084,6
2085,14
2086,17
2087,15
2088,7
2089,13
2090,10
2091,11
2092,13
2093,9
2094,15
2095,10
2096,10
2097,17
2098,14
2099,7
2100,8
2101,8
2102,12
2103,10
2104,7
2105,11
2106,24
2107,6
2108,13
2109,16
2110,14
2111,10
2112,12
2113,12
2114,5
2115,12
2116,8
2117,7
2118,15
2119,9
2120,10
2121,5
2122,6
2123,7
2124,8
2125,5
2126,14
2127,10
2128,17
2129,8
2130,9
2131,7
2132,7
2133,7
2134,19
2135,7
2136,20
2137,19
2138,12
2139,12
2140,9
2141,17
2142,17
2143,7
2144,14
2145,9
2146,17
2147,22
2148,10
2149,7
2150,5
2151,8
2152,11
2153,13
2154,10
2155,11
2156,17
2157,4
2158,11
2159,11
2160,28
2161,6
2162,23
2163,5
2164,10
2165,8
2166,30
2167,13
2168,8
2169,10
2170,10
2171,15
2172,15
2173,9
2174,15
2175,20
2176,24
2177,7
2178,21
2179,13
2180,11
2181,11
2182,8
2183,14
2184,9
2185,9
2186,14
2187,17
2188,11
2189,19
2190,8
2191,13
2192,13
2193,13
2194,11
2195,14
2196,12
2197,11
2198,8
2199,7
2200,3
2201,5
2202,19
2203,19
2204,7
2205,8
2206,19
2207,12
2208,20
2209,6
2210,14
2211,13
2212,7
2213,9
2214,4
2215,16
2216,22
2217,11
2218,10
2219,12
2220,10
2221,16
2222,7
2223,10
2224,9
2225,13
2226,6
2227,6
2228,8
2229,11
2230,17
2231,15
2232,12
2233,12
2234,10
2235,9
2236,6
2237,8
2238,9
2239,11
2240,13
2241,12
2242,15
2243,10
2244,12
2245,13
2246,23
2247,7
2248,12
2249,15
2250,7
2251,13
2252,16
2253,8
2254,14
2255,6
2256,13
2257,5
2258,8
2259,11
2260,11
2261,12
2262,19
2263,11
2264,11
2265,13
2266,6
2267,12
2268,6
2269,16
2270,11
2271,11
2272,5
2273,9
2274,9
2275,11
2276,11
2277,12
2278,8
2279,10
2280,12
2281,16
2282,16
2283,10
2284,11
2285,11
2286,11
2287,12
2288,6
2289,10
2290,15
2291,10
2292,11
2293,10
2294,17
2295,5
2296,8
2297,9
2298,10
2299,7
2300,9
2301,8
2302,7
2303,10
2304,8
2305,10
2306,4
2307,21
2308,14
2309,9
2310,9
2311,11
2312,10
2313,15
2314,12
2315,17
2316,4
2317,10
2318,14
2319,13
2320,10
2321,6
2322,6
2323,9
2324,13
2325,9
2326,13
2327,12
2328,8
2329,5
2330,16
2331,12
2332,11
2333,7
2334,8
2335,22
2336,8
2337,8
2338,11
2339,13
2340,11
2341,9
2342,11
2343,10
2344,30
2345,11
2346,12
2347,6
2348,19
2349,11
2350,39
2351,18
2352,9
2353,9
2354,10
2355,14
2356,11
2357,8
2358,12
2359,8
2360,14
2361,9
2362,12
2363,11
2364,6
2365,16
2366,6
2367,10
2368,11
2369,5
2370,13
2371,15
2372,11
2373,17
2374,12
2375,15
2376,12
2377,15
2378,18
2379,14
2380,13
2381,16
2382,12
2383,10
2384,12
2385,14
2386,11
2387,15
2388,30
2389,10
2390,8
2391,15
2392,11
2393,11
2394,11
2395,16
2396,24
2397,5
2398,11
2399,6
2400,15
2401,24
2402,15
2403,8
2404,8
2405,13
2406,11
2407,25
2408,13
2409,8
2410,24
2411,13
2412,11
2413,17
2414,8
2415,15
2416,13
2417,12
2418,5
2419,14
2420,16
2421,6
2422,15
2423,9
2424,9
2425,11
2426,8
2427,4
2428,15
2429,13
2430,6
2431,9
2432,16
2433,10
2434,14
2435,8
2436,9
2437,11
2438,8
2439,11
2440,12
2441,8
2442,6
2443,11
2444,12
2445,19
2446,8
2447,11
2448,27
2449,11
2450,14
2451,5
2452,17
2453,10
2454,10
2455,9
2456,8
2457,15
2458,12
2459,18
2460,13
2461,8
2462,11
2463,7
2464,22
2465,7
2466,17
2467,5
2468,9
2469,18
2470,9
2471,6
2472,9
2473,8
2474,25
2475,11
2476,14
2477,9
2478,12
2479,7
2480,14
2481,12
2482,10
2483,13
2484,9
2485,15
2486,9
2487,12
2488,16
2489,11
2490,10
2491,4
2492,11
2493,15
2494,13
2495,15
2496,11
2497,22
2498,25
2499,6
2500,10
2501,12
2502,15
2503,7
2504,10
2505,12
2506,13
2507,6
2508,7
2509,11
2510,14
2511,10
2512,9
2513,15
2514,9
2515,6
2516,12
2517,10
2518,9
2519,5
2520,8
2521,20
2522,7
2523,7
2524,11
2525,10
2526,16
2527,10
2528,10
2529,4
2530,7
2531,13
2532,20
2533,12
2534,17
2535,7
2536,12
2537,19
2538,8
2539,9
2540,6
2541,14
2542,16
2543,5
2544,10
2545,5
2546,13
2547,6
2548,6
2549,15
2550,11
2551,10
2552,13
2553,17
2554,23
2555,10
2556,10
2557,13
2558,9
2559,13
2560,8
2561,17
2562,6
2563,15
2564,11
2565,10
2566,13
2567,18
2568,20
2569,15
2570,10
2571,6
2572,9
2573,12
2574,5
2575,11
2576,12
2577,14
2578,9
2579,8
2580,13
2581,10
2582,24
2583,12
2584,16
2585,9
2586,18
2587,9
2588,8
2589,10
2590,13
2591,9
2592,19
2593,12
2594,10
2595,20
2596,11
2597,5
2598,6
2599,13
2600,8
2601,23
2602,12
2603,12
2604,5
2605,11
2606,14
2607,4
2608,9
2609,10
2610,19
2611,13
2612,13
2613,7
2614,18
2615,8
2616,8
2617,7
2618,34
2619,10
2620,10
2621,15
2622,9
2623,14
2624,6
2625,10
2626,5
2627,17
2628,9
2629,8
2630,16
2631,10
2632,8
2633,13
2634,13
2635,6
2636,4
2637,17
2638,15
2639,13
2640,13
2641,14
2642,15
2643,6
2644,9
2645,12
2646,5
2647,11
2648,19
2649,14
2650,6
2651,10
2652,19
2653,11
2654,16
2655,24
2656,8
2657,10
2658,7
2659,12
2660,12
2661,10
2662,13
2663,18
2664,6
2665,13
2666,6
2667,8
2668,14
2669,9
2670,22
2671,12
2672,11
2673,14
2674,16
2675,10
2676,17
2677,19
2678,10
2679,13
2680,16
2681,9
2682,13
2683,10
2684,5
2685,10
2686,14
2687,11
2688,8
2689,10
2690,12
2691,22
2692,17
2693,10
2694,11
2695,8
2696,6
2697,14
2698,10
2699,8
2700,14
2701,8
2702,5
2703,12
2704,28
2705,9
2706,17
2707,8
2708,7
2709,12
2710,12
2711,17
2712,10
2713,23
2714,13
2715,12
2716,10
2717,18
2718,20
2719,7
2720,8
2721,12
2722,15
2723,14
2724,7
2725,10
2726,10
2727,7
2728,9
2729,10
2730,14
2731,13
2732,14
2733,10
2734,10
2735,8
2736,9
2737,12
2738,23
2739,11
2740,9
2741,5
2742,9
2743,12
2744,10
2745,22
2746,10
2747,13
2748,17
2749,28
2750,11
2751,7
2752,8
2753,16
2754,10
2755,10
2756,7
2757,7
2758,15
2759,6
2760,7
2761,13
2762,9
2763,16
2764,6
2765,11
2766,10
2767,12
2768,9
2769,9
2770,7
2771,14
2772,18
2773,11
2774,12
2775,8
2776,10
2777,12
2778,6
2779,12
2780,9
2781,4
2782,10
2783,22
2784,12
2785,8
2786,10
2787,17
2788,9
2789,7
2790,6
2791,8
2792,7
2793,12
2794,18
2795,10
2796,12
2797,13
2798,9
2799,8
2800,19
2801,18
2802,11
2803,12
2804,6
2805,14
2806,12
2807,6
2808,8
2809,14
2810,5
2811,6
2812,14
2813,33
2814,18
2815,5
2816,18
2817,9
2818,17
2819,10
2820,5
2821,7
2822,9
2823,24
2824,12
2825,6
2826,9
2827,10
2828,8
2829,14
2830,13
2831,15
2832,10
2833,11
2834,16
2835,11
2836,9
2837,11
2838,5
2839,9
2840,12
2841,9
2842,12
2843,12
2844,13
2845,12
2846,7
2847,12
2848,10
2849,10
2850,9
2851,6
2852,7
2853,11
2854,8
2855,8
2856,17
2857,7
2858,16
2859,13
2860,23
2861,7
2862,13
2863,20
2864,11
2865,13
2866,9
2867,12
2868,18
2869,18
2870,10
2871,11
2872,10
2873,12
2874,6
2875,9
2876,8
2877,13
2878,12
2879,7
2880,17
2881,15
2882,14
2883,7
2884,8
2885,10
2886,13
2887,12
2888,7
2889,12
2890,10
2891,31
2892,15
2893,10
2894,10
2895,7
2896,5
2897,12
2898,17
2899,9
2900,10
2901,10
2902,18
2903,28
2904,6
2905,12
2906,20
2907,6
2908,15
2909,10
2910,23
2911,12
2912,15
2913,16
2914,8
2915,14
2916,5
2917,7
2918,13
2919,12
2920,10
2921,26
2922,12
2923,8
2924,6
2925,13
2926,8
2927,12
2928,7
2929,17
2930,7
2931,7
2932,10
2933,11
2934,11
2935,9
2936,7
2937,14
2938,8
2939,15
2940,8
2941,11
2942,11
2943,13
2944,7
2945,11
2946,23
2947,8
2948,9
2949,11
2950,9
2951,10
2952,4
2953,10
2954,12
2955,8
2956,11
2957,5
2958,10
2959,12
2960,8
2961,5
2962,11
2963,3
2964,14
2965,14
2966,8
2967,8
2968,8
2969,11
2970,26
2971,19
2972,6
2973,9
2974,7
2975,13
2976,8
2977,17
2978,8
2979,10
2980,17
2981,8
2982,11
2983,10
2984,11
2985,13
2986,5
2987,15
2988,11
2989,9
2990,11
2991,11
2992,17
2993,17
2994,12
2995,9
2996,6
2997,17
2998,12
2999,15
3000,9
3001,9
3002,15
3003,9
3004,15
3005,11
3006,8
3007,11
3008,8
3009,12
3010,7
3011,18
3012,13
3013,6
3014,6
3015,12
3016,5
3017,6
3018,9
3019,8
3020,13
3021,15
3022,10
3023,6
3024,13
3025,16
3026,13
3027,16
3028,18
3029,24
3030,9
3031,14
3032,5
3033,7
3034,12
3035,15
3036,15
3037,16
3038,6
3039,6
3040,9
3041,13
3042,17
3043,15
3044,9
3045,10
3046,9
3047,17
3048,26
3049,9
3050,10
3051,7
3052,15
3053,14
3054,18
3055,11
3056,16
3057,11
3058,18
3059,13
3060,8
3061,10
3062,7
3063,8
3064,33
3065,7
3066,7
3067,6
3068,9
3069,18
3070,6
3071,8
3072,8
3073,17
3074,17
3075,15
3076,8
3077,7
3078,7
3079,12
3080,7
3081,8
3082,9
3083,21
3084,7
3085,8
3086,13
3087,18
3088,11
3089,10
3090,11
3091,11
3092,4
3093,8
3094,9
3095,8
3096,9
3097,12
3098,13
3099,8
3100,12
3101,10
3102,16
3103,11
3104,8
3105,13
3106,12
3107,10
3108,9
3109,6
3110,11
3111,6
3112,17
3113,8
3114,8
3115,17
3116,9
3117,15
3118,6
3119,5
3120,23
3121,19
3122,20
3123,18
3124,15
3125,15
3126,12
3127,17
3128,5
3129,7
3130,12
3131,10
3132,18
3133,24
3134,10
3135,10
3136,24
3137,10
3138,18
3139,6
3140,19
3141,9
3142,8
3143,21
3144,14
3145,18
3146,23
3147,7
3148,13
3149,11
3150,14
3151,17
3152,10
3153,14
3154,5
3155,12
3156,7
3157,15
3158,16
3159,10
3160,16
3161,10
3162,8
3163,12
3164,13
3165,6
3166,16
3167,9
3168,10
3169,12
3170,12
3171,9
3172,7
3173,10
3174,16
3175,13
3176,16
3177,10
3178,13
3179,15
3180,9
3181,12
3182,11
3183,13
3184,7
3185,13
3186,12
3187,10
3188,5
3189,15
3190,17
3191,12
3192,11
3193,13
3194,11
3195,11
3196,9
3197,10
3198,9
3199,9
3200,11
3201,9
3202,6
3203,16
3204,7
3205,10
3206,13
3207,12
3208,10
3209,9
3210,10
3211,15
3212,22
3213,10
3214,18
3215,6
3216,6
3217,20
3218,9
3219,9
3220,13
3221,8
3222,12
3223,11
3224,3
3225,11
3226,19
3227,9
3228,25
3229,19
3230,9
3231,15
3232,9
3233,10
3234,6
3235,10
3236,17
3237,13
3238,8
3239,12
3240,10
3241,9
3242,10
3243,9
3244,7
3245,16
3246,12
3247,7
3248,23
3249,9
3250,15
3251,6
3252,15
3253,11
3254,13
3255,9
3256,17
3257,9
3258,7
3259,15
3260,9
3261,19
3262,11
3263,10
3264,16
3265,8
3266,14
3267,15
3268,8
3269,16
3270,7
3271,17
3272,8
3273,17
3274,15
3275,10
3276,6
3277,7
3278,8
3279,7
3280,8
3281,5
3282,6
3283,9
3284,12
3285,10
3286,20
3287,12
3288,18
3289,17
3290,6
3291,16
3292,11
3293,11
3294,13
3295,12
3296,18
3297,17
3298,26
3299,6
3300,7
3301,13
3302,13
3303,17
3304,15
3305,14
3306,10
3307,7
3308,6
3309,7
3310,14
3311,12
3312,9
3313,7
3314,14
3315,15
3316,18
3317,11
3318,8
3319,10
3320,9
3321,12
3322,7
3323,13
3324,16
3325,9
3326,14
3327,8
3328,14
3329,7
3330,18
3331,8
3332,12
3333,15
3334,16
3335,22
3336,6
3337,13
3338,10
3339,9
3340,24
3341,7
3342,18
3343,12
3344,12
3345,9
3346,6
3347,16
3348,8
3349,11
3350,8
3351,15
3352,12
3353,10
3354,7
3355,18
3356,7
3357,8
3358,12
3359,14
3360,12
3361,10
3362,6
3363,13
3364,6
3365,9
3366,8
3367,12
3368,13
3369,8
3370,11
3371,14
3372,8
3373,15
3374,12
3375,10
3376,13
3377,8
3378,10
3379,8
3380,13
3381,11
3382,18
3383,13
3384,16
3385,8
3386,14
3387,10
3388,6
3389,5
3390,11
3391,13
3392,15
3393,5
3394,13
3395,25
3396,16
3397,11
3398,14
3399,16
3400,10
3401,16
3402,8
3403,8
3404,14
3405,10
3406,6
3407,5
3408,11
3409,13
3410,9
3411,13
3412,28
3413,11
3414,7
3415,16
3416,9
3417,21
3418,15
3419,5
3420,24
3421,13
3422,18
3423,15
3424,12
3425,5
3426,12
3427,15
3428,10
3429,4
3430,14
3431,9
3432,9
3433,8
3434,8
3435,15
3436,9
3437,4
3438,9
3439,8
3440,13
3441,8
3442,17
3443,12
3444,20
3445,14
3446,16
3447,15
3448,10
3449,4
3450,15
3451,11
3452,14
3453,7
3454,16
3455,8
3456,12
3457,15
3458,21
3459,12
3460,9
3461,8
3462,8
3463,21
3464,15
3465,12
3466,9
3467,6
3468,12
3469,10
3470,14
3471,11
3472,10
3473,13
3474,12
3475,10
3476,8
3477,13
3478,10
3479,17
3480,19
3481,8
3482,8
3483,7
3484,10
3485,11
3486,11
3487,22
3488,5
3489,9
3490,18
3491,10
3492,18
3493,10
3494,12
3495,7
3496,16
3497,8
3498,12
3499,20
3500,10
3501,9
3502,13
3503,15
3504,25
3505,7
3506,7
3507,10
3508,16
3509,18
3510,16
3511,16
3512,6
3513,14
3514,22
3515,13
3516,18
3517,9
3518,9
3519,9
3520,15
3521,14
3522,13
3523,11
3524,5
3525,8
3526,9
3527,6
3528,15
3529,6
3530,10
3531,15
3532,19
3533,16
3534,11
3535,24
3536,9
3537,14
3538,12
3539,16
3540,5
3541,4
3542,13
3543,8
3544,7
3545,7
3546,10
3547,21
3548,24
3549,13
3550,11
3551,8
3552,11
3553,17
3554,7
3555,21
3556,12
3557,9
3558,16
3559,33
3560,18
3561,11
3562,14
3563,6
3564,11
3565,20
3566,8
3567,15
3568,16
3569,8
3570,14
3571,14
3572,17
3573,12
3574,5
3575,14
3576,8
3577,16
3578,11
3579,9
3580,20
3581,9
3582,6
3583,11
3584,20
3585,8
3586,16
3587,9
3588,3
3589,11
3590,13
3591,9
3592,14
3593,9
3594,11
3595,7
3596,10
3597,10
3598,17
3599,14
3600,10
3601,8
3602,6
3603,11
3604,13
3605,14
3606,23
3607,12
3608,12
3609,4
3610,13
3611,12
3612,7
3613,15
3614,16
3615,9
3616,7
3617,9
3618,8
3619,7
3620,7
3621,9
3622,14
3623,7
3624,14
3625,9
3626,10
3627,17
3628,11
3629,6
3630,14
3631,5
3632,13
3633,9
3634,6
3635,10
3636,10
3637,8
3638,8
3639,12
3640,15
3641,8
3642,10
3643,10
3644,8
3645,10
3646,25
3647,7
3648,16
3649,15
3650,12
3651,19
3652,12
3653,14
3654,13
3655,15
3656,8
3657,10
3658,5
3659,6
3660,19
3661,16
3662,8
3663,19
3664,10
3665,22
3666,11
3667,11
3668,19
3669,9
3670,10
3671,27
3672,14
3673,7
3674,5
3675,12
3676,13
3677,22
3678,16
3679,13
3680,8
3681,6
3682,8
3683,14
3684,8
3685,6
3686,9
3687,9
3688,8
3689,13
3690,17
3691,11
3692,9
3693,7
3694,7
3695,14
3696,6
3697,9
3698,11
3699,7
3700,14
3701,9
3702,26
3703,10
3704,18
3705,9
3706,8
3707,14
3708,18
3709,11
3710,9
3711,9
3712,16
3713,10
3714,17
3715,8
3716,10
3717,6
3718,8
3719,7
3720,4
3721,22
3722,6
3723,16
3724,17
3725,6
3726,9
3727,15
3728,11
3729,13
3730,12
3731,10
3732,7
3733,8
3734,9
3735,24
3736,7
3737,12
3738,11
3739,12
3740,17
3741,12
3742,6
3743,14
3744,10
3745,17
3746,17
3747,12
3748,5
3749,13
3750,15
3751,11
3752,11
3753,4
3754,10
3755,10
3756,20
3757,18
3758,14
3759,7
3760,11
3761,11
3762,9
3763,11
3764,27
3765,6
3766,13
3767,9
3768,6
3769,17
3770,11
3771,11
3772,16
3773,9
3774,8
3775,9
3776,10
3777,12
3778,18
3779,14
3780,14
3781,15
3782,6
3783,11
3784,16
3785,17
3786,14
3787,24
3788,19
3789,6
3790,9
3791,6
3792,12
3793,16
3794,12
3795,13
3796,5
3797,15
3798,9
3799,12
3800,7
3801,10
3802,17
3803,11
3804,9
3805,14
3806,7
3807,11
3808,11
3809,19
3810,13
3811,16
3812,18
3813,18
3814,15
3815,12
3816,22
3817,23
3818,16
3819,14
3820,12
3821,11
3822,16
3823,16
3824,12
3825,8
3826,24
3827,10
3828,12
3829,14
3830,10
3831,8
3832,6
3833,6
3834,12
3835,9
3836,23
3837,11
3838,13
3839,8
3840,5
3841,12
3842,11
3843,14
3844,10
3845,20
3846,10
3847,14
3848,22
3849,5
3850,23
3851,13
3852,12
3853,12
3854,17
3855,12
3856,4
3857,6
3858,7
3859,9
3860,7
3861,12
3862,7
3863,16
3864,13
3865,25
3866,9
3867,14
3868,11
3869,11
3870,11
3871,10
3872,8
3873,8
3874,10
3875,7
3876,19
3877,10
3878,18
3879,8
3880,22
3881,19
3882,8
3883,14
3884,13
3885,13
3886,11
3887,7
3888,6
3889,14
3890,8
3891,9
3892,5
3893,18
3894,5
3895,10
3896,6
3897,11
3898,12
3899,8
3900,8
3901,11
3902,10
3903,10
3904,12
3905,6
3906,8
3907,10
3908,10
3909,15
3910,14
3911,6
3912,4
3913,5
3914,14
3915,10
3916,15
3917,10
3918,11
3919,23
3920,23
3921,12
3922,8
3923,8
3924,10
3925,17
3926,10
3927,14
3928,12
3929,10
3930,7
3931,8
3932,11
3933,7
3934,17
3935,8
3936,19
3937,19
3938,7
3939,7
3940,10
3941,7
3942,6
3943,6
3944,12
3945,13
3946,8
3947,12
3948,19
3949,9
3950,15
3951,12
3952,12
3953,17
3954,10
3955,18
3956,8
3957,17
3958,7
3959,8
3960,6
3961,12
3962,9
3963,8
3964,15
3965,8
3966,12
3967,14
3968,7
3969,19
3970,8
3971,13
3972,8
3973,6
3974,6
3975,10
3976,7
3977,13
3978,5
3979,16
3980,15
3981,10
3982,9
3983,11
3984,12
3985,10
3986,10
3987,11
3988,8
3989,6
3990,14
3991,9
3992,12
3993,18
3994,14
3995,20
3996,14
3997,7
3998,8
3999,9
4000,10
4001,9
4002,15
4003,17
4004,16
4005,17
4006,7
4007,8
4008,6
4009,9
4010,9
4011,12
4012,7
4013,10
4014,9
4015,11
4016,20
4017,14
4018,9
4019,11
4020,9
4021,10
4022,11
4023,7
4024,12
4025,7
4026,11
4027,17
4028,8
4029,11
4030,10
4031,17
4032,22
4033,11
4034,7
4035,11
4036,9
4037,12
4038,7
4039,8
4040,8
4041,10
4042,5
4043,11
4044,15
4045,8
4046,8
4047,22
4048,11
4049,9
4050,9
4051,7
4052,16
4053,10
4054,4
4055,12
4056,14
4057,8
4058,9
4059,8
4060,15
4061,9
4062,10
4063,11
4064,4
4065,11
4066,12
4067,12
4068,12
4069,9
4070,16
4071,13
4072,6
4073,10
4074,9
4075,13
4076,9
4077,13
4078,10
4079,9
4080,20
4081,13
4082,19
4083,10
4084,11
4085,12
4086,9
4087,11
4088,16
4089,18
4090,18
4091,14
4092,8
4093,15
4094,15
4095,16
4096,13
4097,18
4098,9
4099,18
4100,16
4101,8
4102,9
4103,8
4104,14
4105,10
4106,7
4107,16
4108,7
4109,12
4110,10
4111,13
4112,19
4113,23
4114,12
4115,14
4116,11
4117,11
4118,19
4119,16
4120,9
4121,13
4122,8
4123,14
4124,12
4125,15
4126,10
4127,9
4128,6
4129,11
4130,8
4131,10
4132,6
4133,8
4134,6
4135,15
4136,10
4137,17
4138,12
4139,10
4140,3
4141,4
4142,10
4143,6
4144,10
4145,5
4146,13
4147,15
4148,16
4149,14
4150,20
4151,12
4152,8
4153,5
4154,12
4155,19
4156,11
4157,11
4158,7
4159,14
4160,25
4161,10
4162,10
4163,13
4164,14
4165,16
4166,16
4167,7
4168,13
4169,16
4170,17
4171,15
4172,8
4173,16
4174,21
4175,17
4176,6
4177,11
4178,8
4179,8
4180,7
4181,12
4182,8
4183,9
4184,10
4185,12
4186,14
4187,21
4188,9
4189,12
4190,20
4191,10
4192,11
4193,16
4194,13
4195,20
4196,10
4197,10
4198,11
4199,9
4200,17
4201,7
4202,6
4203,9
4204,16
4205,9
4206,8
4207,8
4208,7
4209,14
4210,11
4211,18
4212,11
4213,14
4214,19
4215,13
4216,11
4217,11
4218,6
4219,5
4220,17
4221,8
4222,7
4223,11
4224,12
4225,16
4226,9
4227,9
4228,17
4229,9
4230,10
4231,9
4232,11
4233,11
4234,13
4235,6
4236,16
4237,13
4238,9
4239,7
4240,9
4241,8
4242,15
4243,9
4244,12
4245,17
4246,15
4247,13
4248,21
4249,7
4250,12
4251,6
4252,16
4253,9
4254,9
4255,11
4256,5
4257,6
4258,8
4259,13
4260,11
4261,10
4262,13
4263,10
4264,15
4265,8
4266,11
4267,10
4268,19
4269,8
4270,13
4271,9
4272,9
4273,11
4274,10
4275,12
4276,8
4277,4
4278,17
4279,10
4280,11
4281,17
4282,13
4283,23
4284,15
4285,10
4286,4
4287,11
4288,7
4289,14
4290,10
4291,14
4292,8
4293,12
4294,23
4295,10
4296,31
4297,6
4298,14
4299,5
4300,18
4301,8
4302,5
4303,15
4304,15
4305,6
4306,7
4307,9
4308,12
4309,11
4310,6
4311,15
4312,12
4313,15
4314,12
4315,16
4316,16
4317,20
4318,11
4319,7
4320,9
4321,12
4322,9
4323,16
4324,9
4325,14
4326,7
4327,8
4328,18
4329,22
4330,15
4331,12
4332,12
4333,11
4334,5
4335,16
4336,22
4337,13
4338,20
4339,17
4340,11
4341,10
4342,8
4343,10
4344,13
4345,4
4346,10
4347,13
4348,12
4349,20
4350,11
4351,8
4352,7
4353,20
4354,21
4355,17
4356,9
4357,14
4358,16
4359,17
4360,7
4361,7
4362,8
4363,21
4364,9
4365,10
4366,26
4367,13
4368,14
4369,17
4370,10
4371,7
4372,8
4373,11
4374,19
4375,18
4376,11
4377,17
4378,19
4379,15
4380,9
4381,15
4382,10
4383,10
4384,16
4385,21
4386,14
4387,11
4388,27
4389,10
4390,10
4391,9
4392,20
4393,14
4394,13
4395,16
4396,11
4397,9
4398,15
4399,7
4400,13
4401,9
4402,24
4403,8
4404,8
4405,6
4406,4
4407,12
4408,17
4409,12
4410,7
4411,8
4412,14
4413,18
4414,10
4415,8
4416,21
4417,12
4418,16
4419,5
4420,10
4421,8
4422,10
4423,9
4424,7
4425,7
4426,8
4427,7
4428,15
4429,15
4430,7
4431,10
4432,19
4433,10
4434,15
4435,10
4436,10
4437,22
4438,16
4439,12
4440,14
4441,17
4442,11
4443,15
4444,13
4445,13
4446,13
4447,18
4448,10
4449,16
4450,17
4451,12
4452,10
4453,7
4454,8
4455,18
4456,15
4457,17
4458,10
4459,9
4460,12
4461,9
4462,4
4463,10
4464,8
4465,14
4466,5
4467,13
4468,13
4469,18
4470,11
4471,19
4472,11
4473,9
4474,7
4475,16
4476,6
4477,11
4478,5
4479,26
4480,9
4481,10
4482,20
4483,7
4484,10
4485,23
4486,11
4487,26
4488,8
4489,7
4490,7
4491,17
4492,13
4493,9
4494,7
4495,22
4496,14
4497,12
4498,9
4499,11
4500,14
4501,8
4502,7
4503,10
4504,13
4505,14
4506,14
4507,14
4508,21
4509,7
4510,11
4511,10
4512,10
4513,5
4514,13
4515,11
4516,6
4517,17
4518,9
4519,6
4520,13
4521,13
4522,6
4523,7
4524,7
4525,12
4526,10
4527,10
4528,14
4529,14
4530,25
4531,16
4532,13
4533,9
4534,11
4535,10
4536,15
4537,11
4538,8
4539,9
4540,8
4541,21
4542,10
4543,15
4544,27
4545,10
4546,7
4547,6
4548,14
4549,10
4550,16
4551,10
4552,6
4553,10
4554,18
4555,12
4556,12
4557,11
4558,12
4559,8
4560,4
4561,20
4562,15
4563,16
4564,7
4565,21
4566,11
4567,17
4568,7
4569,16
4570,8
4571,12
4572,10
4573,9
4574,12
4575,15
4576,10
4577,14
4578,8
4579,14
4580,9
4581,8
4582,20
4583,22
4584,9
4585,9
4586,9
4587,13
4588,13
4589,14
4590,6
4591,7
4592,8
4593,9
4594,14
4595,11
4596,12
4597,9
4598,8
4599,7
4600,6
4601,10
4602,12
4603,7
4604,8
4605,6
4606,9
4607,17
4608,12
4609,12
4610,7
4611,12
4612,8
4613,14
4614,15
4615,13
4616,11
4617,21
4618,9
4619,9
4620,11
4621,10
4622,12
4623,13
4624,13
4625,8
4626,12
4627,11
4628,12
4629,9
4630,10
4631,9
4632,6
4633,7
4634,7
4635,10
4636,13
4637,11
4638,6
4639,5
4640,7
4641,8
4642,10
4643,13
4644,11
4645,8
4646,7
4647,17
4648,11
4649,8
4650,6
4651,6
4652,18
4653,11
4654,10
4655,11
4656,18
4657,8
4658,10
4659,7
4660,19
4661,11
4662,7
4663,10
4664,15
4665,7
4666,10
4667,17
4668,7
4669,7
4670,6
4671,7
4672,7
4673,9
4674,8
4675,13
4676,17
4677,9
4678,6
4679,17
4680,7
4681,19
4682,12
4683,20
4684,9
4685,19
4686,10
4687,6
4688,13
4689,10
4690,10
4691,19
4692,12
4693,14
4694,11
4695,16
4696,8
4697,10
4698,13
4699,19
4700,12
4701,13
4702,7
4703,20
4704,16
4705,19
4706,8
4707,12
4708,12
4709,8
4710,12
4711,6
4712,13
4713,8
4714,8
4715,10
4716,10
4717,11
4718,9
4719,8
4720,9
4721,9
4722,9
4723,22
4724,12
4725,13
4726,11
4727,24
4728,12
4729,16
4730,17
4731,6
4732,15
4733,17
4734,10
4735,17
4736,9
4737,12
4738,10
4739,14
4740,7
4741,14
4742,28
4743,7
4744,13
4745,14
4746,11
4747,9
4748,11
4749,11
4750,21
4751,13
4752,5
4753,10
4754,13
4755,8
4756,12
4757,6
4758,10
4759,12
4760,19
4761,13
4762,11
4763,11
4764,16
4765,14
4766,10
4767,10
4768,8
4769,9
4770,8
4771,10
4772,15
4773,14
4774,11
4775,21
4776,5
4777,8
4778,14
4779,6
4780,10
4781,5
4782,10
4783,16
4784,6
4785,16
4786,10
4787,20
4788,27
4789,15
4790,21
4791,11
4792,22
4793,11
4794,9
4795,9
4796,9
4797,7
4798,13
4799,7
4800,9
4801,17
4802,17
4803,12
4804,17
4805,10
4806,17
4807,14
4808,18
4809,10
4810,16
4811,17
4812,12
4813,4
4814,18
4815,6
4816,11
4817,10
4818,9
4819,17
4820,9
4821,12
4822,5
4823,10
4824,10
4825,9
4826,7
4827,14
4828,18
4829,5
4830,20
4831,13
4832,13
4833,8
4834,9
4835,14
4836,16
4837,13
4838,10
4839,11
4840,12
4841,12
4842,11
4843,8
4844,10
4845,13
4846,19
4847,9
4848,9
4849,15
4850,17
4851,18
4852,14
4853,10
4854,12
4855,6
4856,17
4857,13
4858,11
4859,7
4860,7
4861,13
4862,10
4863,9
4864,13
4865,23
4866,8
4867,9
4868,21
4869,13
4870,8
4871,11
4872,10
4873,10
4874,10
4875,8
4876,9
4877,13
4878,8
4879,4
4880,11
4881,7
4882,17
4883,8
4884,8
4885,13
4886,16
4887,8
4888,17
4889,10
4890,18
4891,11
4892,16
4893,9
4894,10
4895,18
4896,13
4897,14
4898,7
4899,15
4900,7
4901,9
4902,11
4903,12
4904,8
4905,12
4906,8
4907,10
4908,7
4909,26
4910,10
4911,5
4912,19
4913,16
4914,13
4915,8
4916,7
4917,19
4918,11
4919,12
4920,19
4921,9
4922,10
4923,11
4924,11
4925,17
4926,12
4927,8
4928,15
4929,5
4930,12
4931,21
4932,17
4933,33
4934,8
4935,16
4936,14
4937,11
4938,8
4939,11
4940,19
4941,9
4942,11
4943,13
4944,12
4945,22
4946,8
4947,8
4948,8
4949,21
4950,7
4951,12
4952,14
4953,25
4954,17
4955,16
4956,15
4957,9
4958,17
4959,6
4960,8
4961,8
4962,14
4963,10
4964,16
4965,16
4966,10
4967,11
4968,15
4969,12
4970,8
4971,13
4972,15
4973,10
4974,18
4975,12
4976,11
4977,5
4978,13
4979,14
4980,3
4981,10
4982,12
4983,9
4984,11
4985,5
4986,13
4987,17
4988,11
4989,14
4990,13
4991,12
4992,8
4993,9
4994,8
4995,6
4996,13
4997,7
4998,12
4999,14
